ID	Stromal_score	Immune_score	ESTIMATE_score
TCGA-3N-A9WB-06	-1410.09	-949.78	-2359.87
TCGA-3N-A9WC-06	-211.68	1698.19	1486.51
TCGA-3N-A9WD-06	-716.64	753.15	36.5
TCGA-BF-A1PU-01	-616.5	-1187.93	-1804.43
TCGA-BF-A1PV-01	-1112.66	-1146.01	-2258.67
TCGA-BF-A1PX-01	389.58	1849.02	2238.6
TCGA-BF-A1PZ-01	-1216.78	-435.69	-1652.47
TCGA-BF-A1Q0-01	-975.43	120.64	-854.79
TCGA-BF-A3DJ-01	-237.16	766.83	529.67
TCGA-BF-A3DL-01	-437.21	-330.56	-767.77
TCGA-BF-A3DM-01	-978.65	-924.44	-1903.09
TCGA-BF-A3DN-01	42.68	-596.94	-554.26
TCGA-BF-A5EO-01	-625.06	548.53	-76.53
TCGA-BF-A5EP-01	-803.28	-729.82	-1533.1
TCGA-BF-A5EQ-01	243.92	588.43	832.34
TCGA-BF-A5ER-01	-789.6	-429.62	-1219.22
TCGA-BF-A5ES-01	-283.82	423.47	139.66
TCGA-BF-A9VF-01	-1453.13	-737.86	-2190.98
TCGA-BF-AAOU-01	-483.62	187.92	-295.7
TCGA-BF-AAOX-01	-1414.73	-609.32	-2024.06
TCGA-BF-AAP0-06	437.22	2232.21	2669.43
TCGA-BF-AAP1-01	-1187.27	-847.68	-2034.94
TCGA-BF-AAP2-01	-1017.78	156.92	-860.87
TCGA-BF-AAP4-01	-457.65	861.77	404.12
TCGA-BF-AAP6-01	-861.54	-484.48	-1346.02
TCGA-BF-AAP7-01	244.35	1706.21	1950.56
TCGA-BF-AAP8-01	-856.25	-331.93	-1188.18
TCGA-D3-A1Q1-06	-931.57	-1050.64	-1982.21
TCGA-D3-A1Q3-06	-541.78	848.43	306.66
TCGA-D3-A1Q4-06	1336.34	-68.95	1267.39
TCGA-D3-A1Q5-06	-259.89	-1275.56	-1535.45
TCGA-D3-A1Q6-06	-1160.14	-104.51	-1264.65
TCGA-D3-A1Q7-06	887.92	2378.16	3266.08
TCGA-D3-A1Q8-06	869.18	682.43	1551.61
TCGA-D3-A1Q9-06	-479.26	212.95	-266.31
TCGA-D3-A1QA-07	-1033.24	122.5	-910.74
TCGA-D3-A1QA-06	-884.17	-203.81	-1087.97
TCGA-D3-A1QB-06	-200.67	2099.7	1899.03
TCGA-D3-A2J6-06	-740.54	420.59	-319.95
TCGA-D3-A2J7-06	107.63	727.71	835.34
TCGA-D3-A2J8-06	146.26	2334.11	2480.36
TCGA-D3-A2J9-06	341.82	3013.99	3355.82
TCGA-D3-A2JA-06	819.69	1285.95	2105.65
TCGA-D3-A2JB-06	-320.91	2380.01	2059.1
TCGA-D3-A2JC-06	-264.16	970.51	706.35
TCGA-D3-A2JD-06	-87.72	1164.54	1076.83
TCGA-D3-A2JE-06	-1261.17	-1148.59	-2409.76
TCGA-D3-A2JF-06	-224.05	1304.3	1080.25
TCGA-D3-A2JG-06	-931.49	-352.92	-1284.4
TCGA-D3-A2JH-06	-129.65	2040.09	1910.45
TCGA-D3-A2JK-06	-57.44	431.6	374.16
TCGA-D3-A2JL-06	-710.42	1424.48	714.07
TCGA-D3-A2JN-06	277.72	962.98	1240.7
TCGA-D3-A2JO-06	-290.94	1969.27	1678.34
TCGA-D3-A2JP-06	60.9	1124.42	1185.32
TCGA-D3-A3BZ-06	1290.73	1666.9	2957.63
TCGA-D3-A3C1-06	-637.25	403.91	-233.34
TCGA-D3-A3C3-06	-847.85	851.52	3.67
TCGA-D3-A3C6-06	-413.04	-787.9	-1200.93
TCGA-D3-A3C7-06	-189.13	1200.87	1011.73
TCGA-D3-A3C8-06	694.93	3428.5	4123.43
TCGA-D3-A3CB-06	296.55	2706.16	3002.71
TCGA-D3-A3CC-06	-144.06	-195.69	-339.76
TCGA-D3-A3CE-06	155.93	1236.05	1391.98
TCGA-D3-A3CF-06	217.32	1754.76	1972.07
TCGA-D3-A3ML-06	-1552.78	-1278.78	-2831.56
TCGA-D3-A3MO-06	-683.95	-785.67	-1469.62
TCGA-D3-A3MR-06	115	2057.29	2172.29
TCGA-D3-A3MU-06	112.43	370.01	482.44
TCGA-D3-A3MV-06	-618.11	-509.31	-1127.42
TCGA-D3-A51E-06	-720.36	1100.99	380.63
TCGA-D3-A51F-06	1127.91	3254.57	4382.48
TCGA-D3-A51G-06	-134.29	-112.91	-247.19
TCGA-D3-A51H-06	-8.62	3114.41	3105.8
TCGA-D3-A51J-06	72.46	1958.35	2030.82
TCGA-D3-A51K-06	-869.99	748.66	-121.33
TCGA-D3-A51N-06	-316.4	1132.79	816.39
TCGA-D3-A51R-06	-864.35	-1853.02	-2717.36
TCGA-D3-A51T-06	-974.64	354.03	-620.62
TCGA-D3-A5GL-06	-987.5	-549.69	-1537.19
TCGA-D3-A5GN-06	-54.62	297.37	242.76
TCGA-D3-A5GO-06	-393.4	875.72	482.32
TCGA-D3-A5GR-06	97.3	1308.47	1405.77
TCGA-D3-A5GS-06	28.66	725.38	754.04
TCGA-D3-A5GT-01	-1364.63	-928.88	-2293.51
TCGA-D3-A5GU-06	-385.29	454.58	69.29
TCGA-D3-A8GB-06	807.99	1950.67	2758.66
TCGA-D3-A8GC-06	-1053.16	-40.18	-1093.34
TCGA-D3-A8GD-06	-310.87	2664.88	2354
TCGA-D3-A8GE-06	897.2	985.24	1882.43
TCGA-D3-A8GI-06	190.18	24.03	214.21
TCGA-D3-A8GJ-06	-242.06	2337.23	2095.17
TCGA-D3-A8GK-06	-1668.24	-1090.31	-2758.55
TCGA-D3-A8GL-06	-1258.81	-1332.34	-2591.15
TCGA-D3-A8GM-06	-468.59	424.79	-43.8
TCGA-D3-A8GN-06	-289.33	1317.42	1028.1
TCGA-D3-A8GO-06	-553.57	943.35	389.78
TCGA-D3-A8GP-06	-1344.95	-701.88	-2046.84
TCGA-D3-A8GQ-06	-639.91	-408.22	-1048.14
TCGA-D3-A8GR-06	-1102.27	-463.2	-1565.47
TCGA-D3-A8GS-06	-926.93	1728.45	801.52
TCGA-D3-A8GV-06	-1042.43	-505.1	-1547.53
TCGA-D9-A148-06	-675.01	237	-438.01
TCGA-D9-A149-06	-346.64	873.32	526.68
TCGA-D9-A1JW-06	-451.48	1396.13	944.65
TCGA-D9-A1JX-06	-323.16	1067.35	744.19
TCGA-D9-A1X3-06	-882.21	-1116.87	-1999.08
TCGA-D9-A3Z1-06	-300.37	1636.49	1336.12
TCGA-D9-A3Z3-06	69.32	1107.47	1176.79
TCGA-D9-A3Z4-01	-153.94	575.44	421.5
TCGA-D9-A4Z2-01	-286.22	-431.42	-717.63
TCGA-D9-A4Z3-01	-655.87	-216.88	-872.75
TCGA-D9-A4Z5-01	-200.2	-88.87	-289.07
TCGA-D9-A4Z6-06	-689.95	-664.66	-1354.61
TCGA-D9-A6E9-06	65.57	2613.38	2678.95
TCGA-D9-A6EA-06	-1417.23	-478.83	-1896.07
TCGA-D9-A6EC-06	-1420.92	-481.01	-1901.93
TCGA-D9-A6EG-06	-537.19	-785.66	-1322.86
TCGA-DA-A1HV-06	-627.89	1547.11	919.21
TCGA-DA-A1HW-06	-288.37	1490.89	1202.52
TCGA-DA-A1HY-06	-118.22	-432.28	-550.5
TCGA-DA-A1I0-06	-251.62	1054.37	802.75
TCGA-DA-A1I1-06	334.99	1177.65	1512.64
TCGA-DA-A1I2-06	-310.23	104.87	-205.36
TCGA-DA-A1I4-06	733.05	1196.24	1929.29
TCGA-DA-A1I5-06	490.4	1795.93	2286.33
TCGA-DA-A1I7-06	247.12	57.72	304.84
TCGA-DA-A1I8-06	-589.98	98.65	-491.33
TCGA-DA-A1IA-06	-1407.12	-458.06	-1865.18
TCGA-DA-A1IB-06	418.66	3258.1	3676.76
TCGA-DA-A1IC-06	-360.42	28.72	-331.7
TCGA-DA-A3F2-06	1879.32	3222.92	5102.24
TCGA-DA-A3F3-06	-817.4	-352.64	-1170.04
TCGA-DA-A3F5-06	-813.06	-293.06	-1106.12
TCGA-DA-A3F8-06	155.68	2732.17	2887.85
TCGA-DA-A95V-06	-591.23	946.39	355.16
TCGA-DA-A95W-06	-1083.53	-5.82	-1089.35
TCGA-DA-A95X-06	-432.13	234.08	-198.04
TCGA-DA-A95Y-06	-1307.9	-372.76	-1680.66
TCGA-DA-A95Z-06	-1190.87	-272.26	-1463.13
TCGA-DA-A960-01	-1430.8	-561.77	-1992.57
TCGA-EB-A1NK-01	-330.27	53.64	-276.63
TCGA-EB-A24C-01	-524.25	-697.06	-1221.32
TCGA-EB-A24D-01	-644.7	-199.64	-844.34
TCGA-EB-A299-01	-344.18	65.46	-278.73
TCGA-EB-A3HV-01	76.79	232.7	309.49
TCGA-EB-A3XB-01	-643.74	236.77	-406.97
TCGA-EB-A3XC-01	-580.7	19.33	-561.36
TCGA-EB-A3XD-01	543.25	1206.98	1750.23
TCGA-EB-A3XE-01	-239.79	348.28	108.49
TCGA-EB-A3XF-01	-661.59	472.65	-188.94
TCGA-EB-A3Y6-01	-21.98	-29.15	-51.13
TCGA-EB-A3Y7-01	-1020.79	-345.33	-1366.11
TCGA-EB-A41A-01	-1225.56	-470.65	-1696.21
TCGA-EB-A41B-01	-1521.86	-507.03	-2028.89
TCGA-EB-A42Y-01	-411.56	-257.41	-668.96
TCGA-EB-A42Z-01	-439.14	-80.01	-519.15
TCGA-EB-A430-01	-1320.43	-63.92	-1384.35
TCGA-EB-A431-01	-1230.02	-561.23	-1791.25
TCGA-EB-A44N-01	-228.98	478.42	249.44
TCGA-EB-A44O-01	-1233.94	-608.64	-1842.58
TCGA-EB-A44P-01	-891.37	-327.76	-1219.13
TCGA-EB-A44Q-06	-468.18	1605.84	1137.66
TCGA-EB-A44R-06	-319.86	276.66	-43.19
TCGA-EB-A4IQ-01	-1248.95	-585.11	-1834.06
TCGA-EB-A4IS-01	238.47	1648.18	1886.65
TCGA-EB-A4OY-01	-905.09	250.28	-654.81
TCGA-EB-A4OZ-01	-155.05	1791.31	1636.26
TCGA-EB-A4P0-01	-551.76	-128.79	-680.55
TCGA-EB-A4XL-01	-316.35	307.53	-8.82
TCGA-EB-A51B-01	-1488.31	-149.51	-1637.82
TCGA-EB-A550-01	-727.73	-401.12	-1128.85
TCGA-EB-A551-01	129.27	1794.55	1923.82
TCGA-EB-A553-01	-483.49	450.93	-32.56
TCGA-EB-A57M-01	593.31	333.55	926.86
TCGA-EB-A5FP-01	-1403	-885.22	-2288.22
TCGA-EB-A5KH-06	-714.02	-593.12	-1307.14
TCGA-EB-A5SE-01	-916.04	-702.15	-1618.19
TCGA-EB-A5SF-01	-304.51	-152.32	-456.82
TCGA-EB-A5SG-06	578.34	2944.39	3522.73
TCGA-EB-A5SH-06	-746.33	135.77	-610.56
TCGA-EB-A5UL-06	-992.92	794.79	-198.12
TCGA-EB-A5UM-01	-783.21	869.4	86.19
TCGA-EB-A5UN-06	-950.61	-46.76	-997.36
TCGA-EB-A5VU-01	-551.98	-462.46	-1014.44
TCGA-EB-A5VV-06	550.68	3622.19	4172.87
TCGA-EB-A6L9-06	157.15	2216.54	2373.7
TCGA-EB-A6QY-01	-1224.16	-481.35	-1705.5
TCGA-EB-A6QZ-01	-1009.71	-667.84	-1677.55
TCGA-EB-A6R0-01	-897.14	789.21	-107.93
TCGA-EB-A82B-01	-502.49	786.56	284.07
TCGA-EB-A82C-01	-1109.92	-966.98	-2076.9
TCGA-EB-A85I-01	-601.29	783.27	181.97
TCGA-EB-A85J-01	-932.44	1508.97	576.53
TCGA-EB-A97M-01	-585.84	552.89	-32.95
TCGA-EE-A17X-06	-1077.44	-254.96	-1332.39
TCGA-EE-A17Y-06	-557.91	-791.72	-1349.63
TCGA-EE-A17Z-06	-1067.76	-1236.28	-2304.04
TCGA-EE-A180-06	-597.66	-409.76	-1007.42
TCGA-EE-A181-06	-677.23	1419.94	742.71
TCGA-EE-A182-06	89.36	728.67	818.03
TCGA-EE-A183-06	-111.53	1545.94	1434.41
TCGA-EE-A184-06	-870.95	474.36	-396.59
TCGA-EE-A185-06	-1611.79	-1270.83	-2882.62
TCGA-EE-A20B-06	392.04	533.13	925.18
TCGA-EE-A20C-06	-1665.86	-590.65	-2256.52
TCGA-EE-A20F-06	-488.7	728.38	239.68
TCGA-EE-A20H-06	-1026.87	-1146.33	-2173.2
TCGA-EE-A20I-06	-92.78	156.03	63.25
TCGA-EE-A29A-06	-14.23	-1079.89	-1094.13
TCGA-EE-A29B-06	-986.67	14.84	-971.83
TCGA-EE-A29C-06	409.53	-55.12	354.41
TCGA-EE-A29D-06	-969.21	-660.52	-1629.73
TCGA-EE-A29E-06	-1341.07	-513.03	-1854.09
TCGA-EE-A29G-06	-112.02	308.79	196.78
TCGA-EE-A29H-06	-670.72	440.49	-230.23
TCGA-EE-A29L-06	-1773.71	-1149.64	-2923.35
TCGA-EE-A29M-06	-1052.45	680.13	-372.32
TCGA-EE-A29N-06	-224.07	1420.32	1196.25
TCGA-EE-A29P-06	215.85	2075.62	2291.46
TCGA-EE-A29Q-06	-1207.73	-668.97	-1876.7
TCGA-EE-A29R-06	-478.07	-806.33	-1284.39
TCGA-EE-A29S-06	-22.79	366.48	343.7
TCGA-EE-A29T-06	-110.67	1268.47	1157.8
TCGA-EE-A29V-06	-843.26	-683.73	-1526.99
TCGA-EE-A29W-06	424.78	-858.52	-433.74
TCGA-EE-A29X-06	-271.7	1125.43	853.74
TCGA-EE-A2A0-06	1817.91	1586.83	3404.74
TCGA-EE-A2A1-06	820.35	1713.12	2533.47
TCGA-EE-A2A2-06	-1044.41	469.53	-574.88
TCGA-EE-A2A5-06	-186.1	-619.45	-805.54
TCGA-EE-A2A6-06	-767.37	1243.74	476.36
TCGA-EE-A2GB-06	-758.04	-431.29	-1189.32
TCGA-EE-A2GC-06	91.07	1305.9	1396.97
TCGA-EE-A2GD-06	993.7	642.39	1636.09
TCGA-EE-A2GE-06	1322.45	2120.17	3442.62
TCGA-EE-A2GH-06	854.18	2268.23	3122.41
TCGA-EE-A2GI-06	-561.22	1087.9	526.68
TCGA-EE-A2GJ-06	-349.92	1204.04	854.11
TCGA-EE-A2GK-06	573.42	3394.83	3968.25
TCGA-EE-A2GL-06	-339.25	1970.11	1630.86
TCGA-EE-A2GM-06	-918.6	-465.12	-1383.72
TCGA-EE-A2GN-06	-190.78	-429.59	-620.37
TCGA-EE-A2GO-06	-805.83	-720.34	-1526.16
TCGA-EE-A2GP-06	513.19	509.7	1022.9
TCGA-EE-A2GR-06	-1086.64	-1121.23	-2207.87
TCGA-EE-A2GS-06	-330.56	202.56	-128
TCGA-EE-A2GT-06	-282.89	1777.78	1494.89
TCGA-EE-A2GU-06	-1107.14	1163.24	56.09
TCGA-EE-A2M5-06	-658.02	727.08	69.07
TCGA-EE-A2M6-06	-798.94	614.86	-184.08
TCGA-EE-A2M7-06	-155.34	549.65	394.31
TCGA-EE-A2M8-06	1067.16	2984.45	4051.61
TCGA-EE-A2MC-06	497.78	1980.04	2477.82
TCGA-EE-A2MD-06	-734.32	98.21	-636.12
TCGA-EE-A2ME-06	1059.17	3046.64	4105.81
TCGA-EE-A2MF-06	-922.25	149.19	-773.06
TCGA-EE-A2MG-06	691.91	2306.96	2998.87
TCGA-EE-A2MH-06	-466.25	1472.69	1006.44
TCGA-EE-A2MI-06	179.83	1081.69	1261.51
TCGA-EE-A2MJ-06	-32.45	2092.69	2060.24
TCGA-EE-A2MK-06	-44.05	1167.71	1123.66
TCGA-EE-A2ML-06	-511.01	726.01	215
TCGA-EE-A2MM-06	-767.57	-80.64	-848.21
TCGA-EE-A2MN-06	-533.3	1174.57	641.27
TCGA-EE-A2MP-06	-437.66	877.2	439.54
TCGA-EE-A2MQ-06	-211.4	177.6	-33.8
TCGA-EE-A2MR-06	487.06	2532.77	3019.83
TCGA-EE-A2MS-06	-634.13	82.44	-551.7
TCGA-EE-A2MT-06	-1433.13	-279.64	-1712.77
TCGA-EE-A2MU-06	375.11	1806.58	2181.69
TCGA-EE-A3AA-06	-577.19	1165.72	588.53
TCGA-EE-A3AB-06	241.17	1265.58	1506.76
TCGA-EE-A3AC-06	-1080.64	871.26	-209.39
TCGA-EE-A3AD-06	-1491.53	-822.16	-2313.69
TCGA-EE-A3AE-06	-752.61	918.78	166.17
TCGA-EE-A3AF-06	-225.54	862.83	637.29
TCGA-EE-A3AG-06	-1151.52	-951.86	-2103.37
TCGA-EE-A3AH-06	-488.05	-730.6	-1218.65
TCGA-EE-A3J3-06	326.35	347.05	673.4
TCGA-EE-A3J4-06	-515.46	-45.99	-561.45
TCGA-EE-A3J5-06	-14.68	909.4	894.72
TCGA-EE-A3J7-06	-1276.13	-720.43	-1996.56
TCGA-EE-A3J8-06	-1381.77	-1288.69	-2670.47
TCGA-EE-A3JA-06	48.05	878.81	926.86
TCGA-EE-A3JB-06	348.32	624.33	972.65
TCGA-EE-A3JD-06	171.95	2555.57	2727.53
TCGA-EE-A3JE-06	1456.96	2567.13	4024.09
TCGA-EE-A3JH-06	793.05	2912.8	3705.85
TCGA-EE-A3JI-06	-1105.44	-71.96	-1177.4
TCGA-ER-A193-06	458.3	1201.27	1659.58
TCGA-ER-A194-01	-45.32	1117.54	1072.22
TCGA-ER-A195-06	996.98	1571.32	2568.3
TCGA-ER-A196-01	-646.61	-174.75	-821.36
TCGA-ER-A197-06	250.52	1750.72	2001.24
TCGA-ER-A198-06	-584.57	703.83	119.27
TCGA-ER-A199-06	-333.03	2073.68	1740.66
TCGA-ER-A19A-06	1727.77	2843.04	4570.81
TCGA-ER-A19B-06	-552.08	-355.73	-907.81
TCGA-ER-A19C-06	-261.28	-289.35	-550.63
TCGA-ER-A19D-06	1112.4	874.47	1986.87
TCGA-ER-A19E-06	-401.75	-263.08	-664.84
TCGA-ER-A19F-06	-860.68	-212.67	-1073.35
TCGA-ER-A19G-06	-310.35	1333.11	1022.76
TCGA-ER-A19H-06	169.12	597.17	766.29
TCGA-ER-A19J-06	202.77	-151.06	51.72
TCGA-ER-A19K-01	-810.67	157.52	-653.14
TCGA-ER-A19L-06	161.87	-389.6	-227.73
TCGA-ER-A19M-06	396.07	1350.52	1746.59
TCGA-ER-A19N-06	765.4	2174.12	2939.52
TCGA-ER-A19O-06	965.56	2345.61	3311.17
TCGA-ER-A19P-06	650.68	3092.05	3742.73
TCGA-ER-A19Q-06	388.36	1519.51	1907.87
TCGA-ER-A19S-06	-25.38	2641.85	2616.46
TCGA-ER-A19T-06	-274.77	579.33	304.56
TCGA-ER-A19T-01	-785.31	-1379.65	-2164.95
TCGA-ER-A19W-06	414.32	2653.91	3068.22
TCGA-ER-A1A1-06	194.16	3006.65	3200.81
TCGA-ER-A2NC-06	749.99	971.04	1721.03
TCGA-ER-A2ND-06	-1070.97	-2.88	-1073.85
TCGA-ER-A2NE-06	-1618.95	-911.77	-2530.72
TCGA-ER-A2NF-06	-1078.55	350.06	-728.48
TCGA-ER-A2NF-01	335.44	812.57	1148.01
TCGA-ER-A2NG-06	-145.1	2030.96	1885.87
TCGA-ER-A2NH-06	589.28	2594.91	3184.19
TCGA-ER-A3ES-06	-1390.28	-1474.17	-2864.45
TCGA-ER-A3ET-06	531.56	744.52	1276.08
TCGA-ER-A3EV-06	-689	123.49	-565.51
TCGA-ER-A3PL-06	113.4	-192.64	-79.24
TCGA-ER-A42H-01	-302.07	-640.8	-942.87
TCGA-ER-A42K-06	-573.92	-398.39	-972.31
TCGA-ER-A42L-06	545.14	2299.48	2844.62
TCGA-FR-A2OS-01	-652.06	-527.37	-1179.43
TCGA-FR-A3R1-01	-775.56	160.93	-614.63
TCGA-FR-A3YN-06	-826.91	398.28	-428.63
TCGA-FR-A3YO-06	-293.88	457.25	163.37
TCGA-FR-A44A-06	315.76	2542.17	2857.93
TCGA-FR-A69P-06	59.24	-587.07	-527.83
TCGA-FR-A726-01	-819.53	-657.45	-1476.98
TCGA-FR-A728-01	-93.5	1303.64	1210.14
TCGA-FR-A729-06	-152.37	1912.47	1760.11
TCGA-FR-A7U8-06	-1206.54	-798.18	-2004.73
TCGA-FR-A7U9-06	762.43	1481.85	2244.28
TCGA-FR-A7UA-06	672.3	3441.88	4114.19
TCGA-FR-A8YC-06	-1122.68	5.43	-1117.25
TCGA-FR-A8YD-06	-1151.35	-245.24	-1396.59
TCGA-FR-A8YE-06	495.89	2529.21	3025.1
TCGA-FS-A1YW-06	-784.15	-307.36	-1091.52
TCGA-FS-A1YX-06	38.77	-44.78	-6.01
TCGA-FS-A1YY-06	103.96	-430.88	-326.92
TCGA-FS-A1Z0-06	-127.75	1167.2	1039.45
TCGA-FS-A1Z3-06	-635.52	-549.59	-1185.12
TCGA-FS-A1Z4-06	142.8	1924.32	2067.12
TCGA-FS-A1Z7-06	941.94	373.8	1315.75
TCGA-FS-A1ZA-06	-629.41	217.04	-412.37
TCGA-FS-A1ZB-06	766.94	1027.8	1794.74
TCGA-FS-A1ZC-06	-758.46	-1046.5	-1804.96
TCGA-FS-A1ZD-06	-60.48	-395.73	-456.21
TCGA-FS-A1ZE-06	-699.92	-993.56	-1693.48
TCGA-FS-A1ZF-06	-50.49	-727.12	-777.61
TCGA-FS-A1ZG-06	-1263.17	-811.62	-2074.79
TCGA-FS-A1ZH-06	819.95	1450.44	2270.39
TCGA-FS-A1ZJ-06	-884.48	-402.88	-1287.35
TCGA-FS-A1ZK-06	-1048.77	-1229.66	-2278.43
TCGA-FS-A1ZM-06	631.22	1370.03	2001.25
TCGA-FS-A1ZN-01	-1169.3	-603.36	-1772.66
TCGA-FS-A1ZP-06	331.58	508.9	840.48
TCGA-FS-A1ZQ-06	-856.26	-64.42	-920.69
TCGA-FS-A1ZR-06	-137.08	-105.51	-242.59
TCGA-FS-A1ZS-06	175.68	91.33	267.01
TCGA-FS-A1ZT-06	-179.9	977.82	797.92
TCGA-FS-A1ZU-06	-604.59	-800.57	-1405.15
TCGA-FS-A1ZW-06	-269.76	1342.18	1072.42
TCGA-FS-A1ZY-06	-882.21	-1155.96	-2038.18
TCGA-FS-A1ZZ-06	-1298.29	-834.08	-2132.36
TCGA-FS-A4F0-06	-1456.07	-887.81	-2343.88
TCGA-FS-A4F2-06	-772.11	-80.31	-852.42
TCGA-FS-A4F4-06	386.32	762.3	1148.62
TCGA-FS-A4F5-06	-854.67	-512.66	-1367.33
TCGA-FS-A4F8-06	763.03	2213.37	2976.4
TCGA-FS-A4F9-06	-1227.62	-491.83	-1719.45
TCGA-FS-A4FB-06	-719.61	-973.75	-1693.36
TCGA-FS-A4FC-06	-354.19	-60.2	-414.39
TCGA-FS-A4FD-06	-11.32	-400.63	-411.94
TCGA-FW-A3I3-06	-1416.85	-849.73	-2266.58
TCGA-FW-A3R5-06	-289.31	227.92	-61.39
TCGA-FW-A3TU-06	-1421.32	527.43	-893.89
TCGA-FW-A3TV-06	-431.54	166.95	-264.6
TCGA-FW-A5DX-01	-1046.01	-832.68	-1878.69
TCGA-FW-A5DY-06	-202.93	2207.77	2004.84
TCGA-GF-A2C7-01	-778.58	-1042.13	-1820.72
TCGA-GF-A3OT-06	285.97	688.44	974.42
TCGA-GF-A4EO-06	90.69	2708.81	2799.49
TCGA-GF-A6C8-06	-539.21	457.55	-81.66
TCGA-GF-A6C9-06	313.29	2331.02	2644.31
TCGA-GF-A769-01	-1140.69	-655.23	-1795.93
TCGA-GN-A262-06	-1597.24	-1331.65	-2928.88
TCGA-GN-A263-01	74.45	299.72	374.17
TCGA-GN-A264-06	27.66	-280.79	-253.13
TCGA-GN-A265-06	1314.31	2159.07	3473.37
TCGA-GN-A266-06	1011.76	1705.76	2717.52
TCGA-GN-A267-06	-510.4	380.58	-129.82
TCGA-GN-A268-06	-1307.38	-881.82	-2189.21
TCGA-GN-A26A-06	211.1	1258.71	1469.8
TCGA-GN-A26C-01	273.93	2098.99	2372.93
TCGA-GN-A26D-06	-1125.48	-279.72	-1405.2
TCGA-GN-A4U3-06	-1252.83	-523.83	-1776.66
TCGA-GN-A4U4-06	-1363.25	-552.02	-1915.27
TCGA-GN-A4U5-01	-336.53	1378.43	1041.9
TCGA-GN-A4U7-06	-1466.07	-944.69	-2410.76
TCGA-GN-A4U8-06	-659.94	1589.79	929.84
TCGA-GN-A4U9-06	-728.91	-457.63	-1186.54
TCGA-GN-A8LK-06	-1804.83	-1188.48	-2993.31
TCGA-GN-A8LL-06	-1005	-477.66	-1482.67
TCGA-GN-A8LN-01	-685.78	-88.95	-774.73
TCGA-GN-A9SD-06	81.87	1895.11	1976.98
TCGA-HR-A2OG-06	885.84	966.5	1852.35
TCGA-HR-A2OH-06	120.71	2890.84	3011.54
TCGA-HR-A5NC-01	-336.17	-363.27	-699.44
TCGA-IH-A3EA-01	-1250.73	129.38	-1121.36
TCGA-LH-A9QB-06	-617.18	-643.37	-1260.55
TCGA-OD-A75X-06	-1009.05	-365.4	-1374.45
TCGA-QB-A6FS-06	-70.88	1595.72	1524.83
TCGA-QB-AA9O-06	-884.41	1041.26	156.85
TCGA-RP-A690-06	-1208.1	-496.63	-1704.74
TCGA-RP-A693-06	-111.96	1021.12	909.16
TCGA-RP-A694-06	-586.77	223.66	-363.11
TCGA-RP-A695-06	-1012.35	-32.43	-1044.78
TCGA-RP-A6K9-06	-69.91	748.9	679
TCGA-W3-A824-06	-829.15	1110.23	281.07
TCGA-W3-A825-06	98.23	934.35	1032.58
TCGA-W3-A828-06	1210.92	207.93	1418.86
TCGA-W3-AA1O-06	-797.82	-578.65	-1376.47
TCGA-W3-AA1Q-06	-650.82	518.59	-132.23
TCGA-W3-AA1R-06	-1567.37	-5.12	-1572.49
TCGA-W3-AA1V-06	-174.15	826.14	651.99
TCGA-W3-AA1W-06	-221	2950.68	2729.68
TCGA-W3-AA21-06	-1412.96	-405.39	-1818.35
TCGA-WE-A8JZ-06	-811.82	-564.42	-1376.24
TCGA-WE-A8K1-06	-426.61	1306.55	879.94
TCGA-WE-A8K4-01	-972.13	1258.15	286.02
TCGA-WE-A8K5-06	-1.61	258.52	256.91
TCGA-WE-A8K6-06	-776.63	-314.01	-1090.65
TCGA-WE-A8ZM-06	-331.39	-1094.1	-1425.49
TCGA-WE-A8ZN-06	474.7	1412.24	1886.94
TCGA-WE-A8ZO-06	-567.29	863.96	296.67
TCGA-WE-A8ZQ-06	-710.6	-1201.63	-1912.23
TCGA-WE-A8ZR-06	-1214.21	-134.9	-1349.1
TCGA-WE-A8ZT-06	-1218.9	-578.31	-1797.21
TCGA-WE-A8ZX-06	-561.83	1095.15	533.32
TCGA-WE-A8ZY-06	-609.4	-147.12	-756.51
TCGA-WE-AA9Y-06	807.73	453.14	1260.87
TCGA-WE-AAA0-06	-1061.83	461.51	-600.32
TCGA-WE-AAA3-06	440.19	852.7	1292.89
TCGA-WE-AAA4-06	524.04	2648.99	3173.03
TCGA-XV-A9VZ-01	-552.81	-1164.03	-1716.83
TCGA-XV-A9W2-01	-1181.18	-419.89	-1601.07
TCGA-XV-A9W5-01	-435.48	-175.28	-610.76
TCGA-XV-AAZV-01	21.11	1504.93	1526.04
TCGA-XV-AAZW-01	-706.13	-765.13	-1471.27
TCGA-XV-AAZY-01	-240.75	966.73	725.98
TCGA-XV-AB01-01	74.8	653.04	727.84
TCGA-YD-A89C-06	-993.38	-1169.17	-2162.55
TCGA-YD-A9TA-06	-75.9	601.04	525.13
TCGA-YD-A9TB-06	303.4	344.1	647.49
TCGA-YG-AA3N-01	-567.63	1557.99	990.37
TCGA-YG-AA3O-06	-577.36	-72.87	-650.23
TCGA-YG-AA3P-06	-1357.99	-862.22	-2220.21
TCGA-Z2-A8RT-06	-464.32	965.05	500.73
TCGA-Z2-AA3S-06	-971.89	-180.05	-1151.93
TCGA-Z2-AA3V-06	69.41	2201.91	2271.32